Rout/input/SIR_AURTHUR_COTTON_BARRAGE/STEHE.fract~
ncols	23																					
nrows	23																					
xllcorner	78.350																					
yllcorner	13.300																					
cellsize	0.05																					
NODATA_value	0.0000																					
0.0000	0.0000	0.0000	0.0000	0.0000	0.0000	0.0000	0.0000	0.0000	0.0000	0.0000	0.0000	0.0000	0.0000	0.0000	0.0000	0.2977	0.4651	0.0355	0.0000	0.0000	0.0000	0.0000
0.0000	0.0000	0.0000	0.0000	0.0000	0.0000	0.0000	0.0000	0.0000	0.0000	0.0000	0.0000	0.0000	0.0000	0.0000	0.2633	0.3669	0.9987	0.8855	0.0536	0.0000	0.0000	0.0000
0.0000	0.0000	0.0000	0.0000	0.0000	0.0105	0.1250	0.0829	0.0978	0.0000	0.0000	0.0000	0.0000	0.0000	0.0082	0.5372	1.0000	1.0000	1.0000	0.6830	0.0033	0.0000	0.0000
0.0000	0.0000	0.0000	0.0000	0.0060	0.9056	1.0000	1.0000	0.8488	0.3917	0.0000	0.3562	0.5849	0.6491	0.7647	1.0000	1.0000	1.0000	1.0000	1.0000	0.4362	0.0000	0.0000
0.0000	0.0000	0.0000	0.0000	0.0000	0.5416	1.0000	1.0000	1.0000	0.8865	0.2369	0.9415	1.0000	1.0000	1.0000	1.0000	1.0000	1.0000	1.0000	1.0000	0.9496	0.1049	0.0000
0.0000	0.0000	0.0000	0.0000	0.0208	0.8633	1.0000	1.0000	1.0000	1.0000	1.0000	1.0000	1.0000	1.0000	1.0000	1.0000	1.0000	1.0000	1.0000	1.0000	1.0000	0.6064	0.0000
0.0000	0.0000	0.0000	0.0000	0.1330	1.0000	1.0000	1.0000	1.0000	1.0000	1.0000	1.0000	1.0000	1.0000	1.0000	1.0000	1.0000	1.0000	1.0000	1.0000	1.0000	0.8618	0.0055
0.0000	0.0000	0.0000	0.0000	0.0210	0.9445	1.0000	1.0000	1.0000	1.0000	1.0000	1.0000	1.0000	1.0000	1.0000	1.0000	1.0000	1.0000	1.0000	1.0000	1.0000	0.9787	0.0259
0.0000	0.0000	0.0000	0.0000	0.0757	0.9232	1.0000	1.0000	1.0000	1.0000	1.0000	1.0000	1.0000	1.0000	1.0000	1.0000	1.0000	1.0000	1.0000	1.0000	1.0000	0.8484	0.0000
0.0000	0.0000	0.0000	0.0000	0.3235	1.0000	1.0000	1.0000	1.0000	1.0000	1.0000	1.0000	1.0000	1.0000	1.0000	1.0000	1.0000	1.0000	1.0000	1.0000	1.0000	0.9919	0.1296
0.0000	0.0000	0.0000	0.0000	0.2273	1.0000	1.0000	1.0000	1.0000	1.0000	1.0000	1.0000	1.0000	1.0000	1.0000	1.0000	1.0000	1.0000	1.0000	1.0000	1.0000	0.9607	0.0760
0.0000	0.0000	0.0000	0.0000	0.3060	1.0000	1.0000	1.0000	1.0000	1.0000	1.0000	1.0000	1.0000	1.0000	1.0000	1.0000	1.0000	1.0000	1.0000	1.0000	1.0000	0.7512	0.0000
0.0000	0.0000	0.0000	0.0000	0.4611	1.0000	1.0000	1.0000	1.0000	1.0000	1.0000	1.0000	1.0000	1.0000	1.0000	1.0000	1.0000	1.0000	1.0000	1.0000	0.8911	0.8102	0.0378
0.0000	0.0000	0.0000	0.0000	0.1822	0.9994	1.0000	1.0000	1.0000	1.0000	1.0000	1.0000	1.0000	1.0000	1.0000	1.0000	1.0000	0.8602	0.6645	0.7411	0.0050	0.0000	0.0000
0.0000	0.0000	0.0000	0.1308	0.7907	1.0000	1.0000	1.0000	1.0000	1.0000	1.0000	1.0000	1.0000	1.0000	1.0000	1.0000	0.9977	0.3050	0.0000	0.1382	0.0000	0.0000	0.0000
0.0000	0.0018	0.3624	0.8999	1.0000	1.0000	1.0000	1.0000	1.0000	1.0000	1.0000	1.0000	1.0000	1.0000	1.0000	1.0000	0.7884	0.0243	0.0000	0.0000	0.0000	0.0000	0.0000
0.1869	0.9178	0.9987	1.0000	1.0000	1.0000	1.0000	1.0000	1.0000	1.0000	1.0000	1.0000	1.0000	1.0000	0.6484	0.4445	0.0495	0.0000	0.0000	0.0000	0.0000	0.0000	0.0000
0.0693	0.9662	1.0000	1.0000	1.0000	1.0000	1.0000	1.0000	1.0000	1.0000	1.0000	1.0000	0.9721	0.6887	0.0053	0.0000	0.0000	0.0000	0.0000	0.0000	0.0000	0.0000	0.0000
0.2333	1.0000	1.0000	1.0000	1.0000	1.0000	1.0000	1.0000	1.0000	1.0000	1.0000	0.9957	0.2536	0.0118	0.0000	0.0000	0.0000	0.0000	0.0000	0.0000	0.0000	0.0000	0.0000
0.0048	0.7875	1.0000	1.0000	1.0000	0.7664	0.8378	1.0000	1.0000	1.0000	1.0000	0.7470	0.0030	0.0000	0.0000	0.0000	0.0000	0.0000	0.0000	0.0000	0.0000	0.0000	0.0000
0.0000	0.2195	0.3225	0.4120	0.3740	0.0724	0.0040	0.3833	0.9439	1.0000	0.7163	0.0623	0.0000	0.0000	0.0000	0.0000	0.0000	0.0000	0.0000	0.0000	0.0000	0.0000	0.0000
0.0000	0.0000	0.0000	0.0000	0.0000	0.0000	0.0000	0.4621	0.9787	0.9967	0.5734	0.0000	0.0000	0.0000	0.0000	0.0000	0.0000	0.0000	0.0000	0.0000	0.0000	0.0000	0.0000
0.0000	0.0000	0.0000	0.0000	0.0000	0.0000	0.0000	0.0000	0.3538	0.2458	0.0000	0.0000	0.0000	0.0000	0.0000	0.0000	0.0000	0.0000	0.0000	0.0000	0.0000	0.0000	0.0000
