Rout/input/Sri_Pada_Yellampalli_Project/STEHE.fract
ncols	30																												
nrows	25																												
xllcorner	77.9499999998																												
yllcorner	18.3500000001																												
cellsize	0.05																												
NODATA_value	-9999																												
-9999	-9999	-9999	-9999	-9999	-9999	0.0180169777	0.465895054	0.2918749891	-9999	-9999	-9999	-9999	0.0515200622	0.0728780795	-9999	-9999	-9999	-9999	-9999	-9999	-9999	-9999	-9999	-9999	-9999	-9999	-9999	-9999	-9999
-9999	-9999	-9999	-9999	-9999	-9999	0.0135879679	0.9841743845	0.9865200556	0.8029783813	0.7859104811	0.7165277662	0.7170061605	0.7834645118	0.738958318	0.299212948	0.0300694406	-9999	-9999	-9999	-9999	-9999	-9999	-9999	-9999	-9999	-9999	-9999	-9999	-9999
-9999	-9999	-9999	-9999	-9999	-9999	-9999	0.7122994021	1	1	1	1	1	1	1	1	0.6973379655	0.1584027759	-9999	-9999	-9999	-9999	-9999	-9999	-9999	-9999	-9999	-9999	-9999	-9999
-9999	-9999	-9999	-9999	0.0035879643	0.5251080342	0.6509104954	0.9088966042	1	1	1	1	1	1	1	1	1	0.7438425845	0.0006481479	-9999	-9999	-9999	-9999	-9999	-9999	-9999	-9999	-9999	-9999	-9999
-9999	-9999	0.3079398154	0.4102623451	0.5453626702	1	1	1	1	1	1	1	1	1	1	1	1	0.8314428967	0.2190200587	-9999	-9999	-9999	-9999	-9999	-9999	-9999	-9999	-9999	-9999	-9999
0.1778163601	0.6857098745	0.9722299339	1	1	1	1	1	1	1	1	1	1	1	1	1	1	1	0.8960262295	0.0632947521	-9999	-9999	-9999	-9999	-9999	-9999	-9999	-9999	-9999	-9999
0.0014274696	0.6282484577	1	1	1	1	1	1	1	1	1	1	1	1	1	1	1	1	1	0.4832021547	0.0194212949	-9999	-9999	-9999	-9999	-9999	-9999	-9999	-9999	-9999
-9999	0.0541435188	0.1738117311	0.8620756128	1	1	1	1	1	1	1	1	1	1	1	1	1	1	1	1	0.8102391917	0.594521599	0.2204243821	-9999	-9999	-9999	-9999	-9999	-9999	-9999
-9999	-9999	-9999	0.3435185185	1	1	1	1	1	1	1	1	1	1	1	1	1	1	1	1	1	1	0.9140663641	0.0867052395	-9999	-9999	-9999	-9999	-9999	-9999
-9999	-9999	-9999	0.000733025	0.1850771751	0.6356944525	0.98320216	1	1	1	1	1	1	1	1	1	1	1	1	1	1	1	1	0.6252931897	-9999	-9999	-9999	-9999	-9999	-9999
-9999	-9999	-9999	-9999	-9999	-9999	0.7236728541	1	1	1	1	1	1	1	1	1	1	1	1	1	1	1	1	0.9942669681	0.6602006031	0.1523765295	0.0110725273	-9999	-9999	-9999
-9999	-9999	-9999	-9999	-9999	-9999	0.0616126596	0.541743842	0.9971064959	1	1	1	1	1	1	1	1	1	1	1	1	1	1	1	1	1	0.4280709868	-9999	-9999	-9999
-9999	-9999	-9999	-9999	-9999	-9999	-9999	-9999	0.4991358035	1	1	1	1	1	1	1	1	1	1	1	1	1	1	1	1	1	0.8433178929	-9999	-9999	-9999
-9999	-9999	-9999	-9999	-9999	-9999	-9999	0.06545525	0.7598071018	1	1	1	1	1	1	1	1	1	1	1	1	1	1	1	1	1	0.9988194402	0.2786805512	-9999	-9999
-9999	-9999	-9999	-9999	-9999	-9999	-9999	0.578996919	1	1	1	1	1	1	1	1	1	1	1	1	1	1	1	1	1	1	1	0.7902854881	0.0221219122	-9999
-9999	-9999	-9999	-9999	-9999	-9999	0.0279861139	0.8888966055	1	1	1	1	1	1	1	1	1	1	1	1	1	1	1	1	1	1	1	1	0.5657561679	-9999
-9999	-9999	-9999	-9999	-9999	-9999	0.4083796351	1	1	1	1	1	1	1	1	1	1	1	1	1	1	1	1	1	1	1	1	1	0.5754783909	-9999
-9999	-9999	-9999	-9999	-9999	0.3957175986	0.9862731451	1	1	1	1	1	1	1	1	1	1	1	1	1	1	1	1	1	1	1	1	1	0.9812577084	0.1939891954
-9999	-9999	-9999	-9999	-9999	0.4715895198	1	1	1	1	1	1	1	1	1	1	0.9986188235	0.6120524693	0.4603086472	0.7595601894	1	1	1	0.9052546259	0.8564506242	0.9972067863	0.9162577168	1	0.9902700598	0.208865742
-9999	-9999	-9999	-9999	-9999	0.3545524785	1	1	1	1	1	1	0.9987268492	0.9992052614	1	0.9570293181	0.5446682137	0.0414660523	-9999	0.0099922859	0.3671450695	0.621188281	0.2849537164	0.1005632745	0.0077314827	0.0378086501	0.0352237703	0.3263426029	0.3631713016	-9999
-9999	-9999	-9999	-9999	0.1133101897	0.6137885977	1	1	1	1	0.9760493966	0.3680324189	0.1103318003	0.0940046426	0.1954629768	0.0957175974	-9999	-9999	-9999	-9999	-9999	-9999	-9999	-9999	-9999	-9999	-9999	-9999	-9999	-9999
-9999	-9999	-9999	-9999	0.5837654441	1	1	1	1	1	0.8607021553	0.038850308	-9999	-9999	-9999	-9999	-9999	-9999	-9999	-9999	-9999	-9999	-9999	-9999	-9999	-9999	-9999	-9999	-9999	-9999
-9999	-9999	-9999	0.0055709872	0.882746925	1	1	0.9982561689	1	1	0.9989274653	0.3905169748	-9999	-9999	-9999	-9999	-9999	-9999	-9999	-9999	-9999	-9999	-9999	-9999	-9999	-9999	-9999	-9999	-9999	-9999
-9999	-9999	-9999	-9999	0.5445524792	1	0.6718132624	0.133410491	0.1605246899	0.249367283	0.5227006148	0.0344984567	-9999	-9999	-9999	-9999	-9999	-9999	-9999	-9999	-9999	-9999	-9999	-9999	-9999	-9999	-9999	-9999	-9999	-9999
-9999	-9999	-9999	-9999	0.09647377	0.6775462958	0.0186342574	-9999	-9999	-9999	-9999	-9999	-9999	-9999	-9999	-9999	-9999	-9999	-9999	-9999	-9999	-9999	-9999	-9999	-9999	-9999	-9999	-9999	-9999	-9999
