Rout/input/SRI_RAM_SAGAR/STEHE.fract~
ncols	71																																																																					
nrows	63																																																																					
xllcorner	75.1500000003																																																																					
yllcorner	17.3999999997																																																																					
cellsize	0.05																																																																					
NODATA_value	-9999																																																																					
[rows 0 to 27 of 63, columns 0 to 62 of 71]
-9999 -9999 -9999 -9999 -9999 -9999 0.0308487615 0.040038577 0.0953935124 -9999 -9999 -9999 0.0137114187 0.2072530776 0.398117277 0.6342129657 0.3977469005 0.0042978381 -9999 -9999 -9999 -9999 -9999 -9999 -9999 -9999 -9999 -9999 -9999 -9999 -9999 -9999 -9999 -9999 -9999 -9999 -9999 -9999 -9999 -9999 -9999 -9999 -9999 -9999 -9999 -9999 -9999 -9999 -9999 -9999 -9999 -9999 -9999 -9999 -9999 -9999 -9999 -9999 -9999 -9999 -9999 -9999 -9999
-9999 -9999 -9999 -9999 0.1104089467 0.5108796171 0.8848765493 0.9336651199 0.9973070925 0.6397067767 0.5354629522 0.2150154209 0.398881164 0.999999996 0.999999996 1 0.999999996 0.4967746719 -9999 -9999 -9999 -9999 -9999 -9999 -9999 -9999 -9999 -9999 -9999 -9999 -9999 -9999 -9999 -9999 -9999 -9999 -9999 -9999 -9999 -9999 -9999 -9999 -9999 -9999 -9999 -9999 -9999 -9999 -9999 -9999 -9999 -9999 -9999 -9999 -9999 -9999 -9999 -9999 -9999 -9999 -9999 -9999 -9999
-9999 0.089776227 0.2443827046 0.431882706 0.8776928923 0.999999996 1 0.999999996 0.999999996 0.999999996 0.999999996 0.999999996 0.999999996 0.999999996 0.999999996 1 0.999999996 0.9939120305 0.2070601742 -9999 -9999 -9999 -9999 -9999 -9999 -9999 -9999 -9999 -9999 -9999 -9999 -9999 -9999 -9999 -9999 -9999 -9999 -9999 -9999 -9999 -9999 -9999 -9999 -9999 -9999 -9999 -9999 -9999 -9999 -9999 -9999 -9999 -9999 -9999 -9999 -9999 -9999 -9999 -9999 -9999 -9999 -9999 -9999
0.1810416673 0.9640817842 0.999999996 0.999999996 0.999999996 0.999999996 1 0.999999996 0.999999996 0.999999996 0.999999996 0.999999996 0.999999996 0.999999996 0.999999996 1 0.999999996 0.999999996 0.6930015248 0.0449151173 -9999 -9999 -9999 -9999 -9999 -9999 -9999 -9999 -9999 -9999 -9999 -9999 -9999 -9999 -9999 -9999 -9999 -9999 -9999 -9999 -9999 -9999 -9999 -9999 -9999 -9999 -9999 -9999 -9999 -9999 -9999 -9999 -9999 -9999 -9999 -9999 -9999 -9999 -9999 -9999 -9999 -9999 -9999
0.4392129735 1 1 1 1 1 1.000000032 1 1 1 1 1 1 1 1 1.000000032 1 1 1 0.8870910537 0.3281095687 -9999 -9999 -9999 -9999 -9999 -9999 -9999 -9999 -9999 -9999 -9999 -9999 -9999 -9999 -9999 -9999 -9999 -9999 -9999 -9999 -9999 -9999 -9999 -9999 -9999 -9999 -9999 -9999 -9999 -9999 -9999 -9999 -9999 -9999 -9999 -9999 -9999 -9999 -9999 -9999 -9999 -9999
0.0020293213 0.5954320984 0.8704861072 0.999999996 0.999999996 0.999999996 1 0.999999996 0.999999996 0.999999996 0.999999996 0.999999996 0.999999996 0.999999996 0.999999996 1 0.999999996 0.999999996 0.999999996 0.999999996 0.9990972183 0.6999999967 0.0197299386 -9999 -9999 -9999 -9999 -9999 -9999 -9999 -9999 -9999 -9999 -9999 -9999 -9999 -9999 -9999 -9999 -9999 -9999 -9999 -9999 -9999 -9999 -9999 -9999 -9999 -9999 -9999 -9999 -9999 -9999 -9999 -9999 -9999 -9999 -9999 -9999 -9999 -9999 -9999 -9999
-9999 -9999 0.122469137 0.9830401197 0.999999996 0.999999996 1 0.999999996 0.999999996 0.999999996 0.999999996 0.999999996 0.999999996 0.999999996 0.999999996 1 0.999999996 0.999999996 0.999999996 0.999999996 0.999999996 0.9996450576 0.2518981468 -9999 -9999 -9999 -9999 -9999 -9999 -9999 -9999 -9999 -9999 -9999 -9999 -9999 -9999 -9999 -9999 -9999 -9999 -9999 -9999 -9999 -9999 -9999 -9999 -9999 -9999 -9999 -9999 -9999 -9999 -9999 -9999 -9999 -9999 -9999 -9999 -9999 -9999 -9999 -9999
-9999 7.71606711568E-006 0.3038811714 0.9968209844 0.999999996 0.999999996 1 0.999999996 0.999999996 0.999999996 0.999999996 0.999999996 0.999999996 0.999999996 0.999999996 1 0.999999996 0.999999996 0.999999996 0.999999996 0.999999996 0.999999996 0.9634645027 0.4010185169 0.0028780861 -9999 -9999 -9999 -9999 -9999 -9999 -9999 -9999 -9999 -9999 -9999 -9999 -9999 -9999 -9999 -9999 -9999 -9999 -9999 -9999 -9999 -9999 -9999 -9999 -9999 -9999 -9999 -9999 -9999 -9999 -9999 -9999 -9999 -9999 -9999 -9999 -9999 -9999
0.0002700618 0.0389814805 0.8433410497 0.999999996 0.999999996 0.999999996 1 0.999999996 0.999999996 0.999999996 0.999999996 0.999999996 0.999999996 0.999999996 0.999999996 1 0.999999996 0.999999996 0.999999996 0.999999996 0.999999996 0.999999996 0.999999996 0.999999996 0.5092592576 -9999 -9999 -9999 -9999 -9999 -9999 -9999 -9999 -9999 -9999 -9999 -9999 -9999 -9999 -9999 -9999 -9999 -9999 -9999 -9999 -9999 -9999 -9999 -9999 -9999 -9999 -9999 -9999 -9999 -9999 -9999 -9999 -9999 -9999 -9999 -9999 -9999 -9999
0.2211574117 0.9100694361 0.9829089471 0.999999996 0.999999996 0.999999996 1 0.999999996 0.999999996 0.999999996 0.999999996 0.999999996 0.999999996 0.999999996 0.999999996 1 0.999999996 0.999999996 0.999999996 0.999999996 0.999999996 0.999999996 0.999999996 0.999999996 0.9378858085 0.0188888831 -9999 -9999 -9999 -9999 -9999 -9999 -9999 -9999 -9999 -9999 -9999 -9999 -9999 -9999 -9999 -9999 -9999 -9999 -9999 -9999 -9999 -9999 -9999 -9999 -9999 -9999 -9999 -9999 -9999 -9999 -9999 -9999 -9999 -9999 -9999 -9999 -9999
0.1952160572 0.999999996 0.9982561701 0.9985030848 0.9970678985 0.999999996 1 0.999999996 0.999999996 0.999999996 0.999999996 0.999999996 0.999999996 0.999999996 0.999999996 1 0.999999996 0.999999996 0.999999996 0.999999996 0.999999996 0.999999996 0.999999996 0.999999996 0.9997916802 0.5085956606 0.3261419641 0.0146064786 -9999 -9999 -9999 -9999 -9999 -9999 -9999 -9999 -9999 -9999 -9999 -9999 -9999 -9999 -9999 -9999 -9999 -9999 -9999 -9999 -9999 -9999 -9999 -9999 -9999 -9999 -9999 -9999 -9999 -9999 -9999 -9999 -9999 -9999 -9999
0.0257793241 0.4043518615 0.3236265492 0.0281172901 0.2273379647 0.9822376507 1 0.999999996 0.999999996 0.999999996 0.999999996 0.999999996 0.999999996 0.999999996 0.999999996 1 0.999999996 0.999999996 0.999999996 0.999999996 0.999999996 0.999999996 0.999999996 0.999999996 1 0.999999996 0.999999996 0.8775231363 0.727052457 0.2653009153 -9999 -9999 -9999 -9999 -9999 -9999 -9999 -9999 -9999 -9999 -9999 -9999 -9999 -9999 -9999 -9999 -9999 -9999 -9999 -9999 -9999 -9999 -9999 -9999 -9999 -9999 -9999 -9999 -9999 -9999 -9999 -9999 -9999
-9999 -9999 -9999 -9999 0.7623611189 1 1.000000032 1 1 1 1 1 1 1 1 1.000000032 1 1 1 1 1 1 1 1 1.000000032 1 1 1 1 0.9249305652 0.5894598794 0.2987885843 -9999 -9999 -9999 -9999 -9999 -9999 -9999 -9999 -9999 -9999 -9999 -9999 -9999 -9999 -9999 -9999 -9999 -9999 -9999 -9999 -9999 -9999 -9999 -9999 -9999 -9999 -9999 -9999 -9999 -9999 -9999
-9999 -9999 -9999 -9999 0.7485493817 0.999999996 1 0.999999996 0.999999996 0.999999996 0.999999996 0.999999996 0.999999996 0.999999996 0.999999996 1 0.999999996 0.999999996 0.999999996 0.999999996 0.999999996 0.999999996 0.999999996 0.999999996 1 0.999999996 0.999999996 0.999999996 0.999999996 0.999999996 0.999999996 0.9316280841 0.1077392005 -9999 -9999 -9999 -9999 -9999 -9999 -9999 -9999 -9999 -9999 -9999 -9999 -9999 -9999 -9999 -9999 -9999 -9999 -9999 -9999 -9999 -9999 -9999 -9999 -9999 -9999 -9999 -9999 -9999 -9999
-9999 -9999 -9999 0.0235416663 0.7506249965 0.999999996 1 0.999999996 0.999999996 0.999999996 0.999999996 0.999999996 0.999999996 0.999999996 0.999999996 1 0.999999996 0.999999996 0.999999996 0.999999996 0.999999996 0.999999996 0.999999996 0.999999996 1 0.999999996 0.999999996 0.999999996 0.999999996 0.999999996 0.999999996 0.999999996 0.8616898136 0.1177083347 -9999 -9999 -9999 -9999 -9999 -9999 -9999 -9999 -9999 -9999 -9999 -9999 -9999 -9999 -9999 -9999 -9999 -9999 -9999 -9999 -9999 -9999 -9999 -9999 -9999 -9999 -9999 -9999 -9999
-9999 -9999 -9999 0.0362731487 0.4781481465 0.6162885767 1 0.999999996 0.999999996 0.999999996 0.999999996 0.999999996 0.999999996 0.999999996 0.999999996 1 0.999999996 0.999999996 0.999999996 0.999999996 0.999999996 0.999999996 0.999999996 0.999999996 1 0.999999996 0.999999996 0.999999996 0.999999996 0.999999996 0.999999996 0.999999996 0.999999996 0.9797145188 0.400478386 0.0019521595 -9999 -9999 -9999 -9999 -9999 -9999 -9999 -9999 -9999 -9999 -9999 -9999 -9999 -9999 -9999 -9999 -9999 -9999 -9999 -9999 -9999 -9999 -9999 -9999 -9999 -9999 -9999
-9999 -9999 -9999 -9999 -9999 0.2024537007 0.9969753234 0.999999996 0.999999996 0.999999996 0.999999996 0.999999996 0.999999996 0.999999996 0.999999996 1 0.999999996 0.999999996 0.999999996 0.999999996 0.999999996 0.999999996 0.999999996 0.999999996 1 0.999999996 0.999999996 0.999999996 0.999999996 0.999999996 0.999999996 0.999999996 0.999999996 1 0.999999996 0.4415200508 0.1884876511 0.0698225276 -9999 -9999 -9999 -9999 -9999 -9999 -9999 -9999 -9999 -9999 -9999 -9999 -9999 -9999 -9999 -9999 -9999 -9999 -9999 -9999 -9999 -9999 -9999 -9999 -9999
-9999 -9999 -9999 -9999 -9999 2.31481014228E-005 0.6079552577 0.999999996 0.999999996 0.999999996 0.999999996 0.999999996 0.999999996 0.999999996 0.999999996 1 0.999999996 0.999999996 0.999999996 0.999999996 0.999999996 0.999999996 0.999999996 0.999999996 1 0.999999996 0.999999996 0.999999996 0.999999996 0.999999996 0.999999996 0.999999996 0.999999996 1 0.999999996 0.999999996 0.999999996 0.4969290021 -9999 -9999 -9999 -9999 -9999 -9999 -9999 -9999 -9999 -9999 -9999 -9999 -9999 -9999 -9999 -9999 -9999 -9999 -9999 -9999 -9999 -9999 -9999 -9999 -9999
-9999 -9999 -9999 -9999 -9999 0.274930548 0.9961960002 0.999999996 0.999999996 0.999999996 0.999999996 0.999999996 0.999999996 0.999999996 0.999999996 1 0.999999996 0.999999996 0.999999996 0.999999996 0.999999996 0.999999996 0.999999996 0.999999996 1 0.999999996 0.999999996 0.999999996 0.999999996 0.999999996 0.999999996 0.999999996 0.999999996 1 0.999999996 0.999999996 0.999999996 0.8520447438 0.0226003069 -9999 -9999 -9999 -9999 -9999 -9999 -9999 -9999 -9999 -9999 -9999 -9999 -9999 -9999 -9999 -9999 -9999 -9999 -9999 -9999 -9999 -9999 -9999 -9999
-9999 -9999 -9999 -9999 0.2496064758 0.983217587 1 0.999999996 0.999999996 0.999999996 0.999999996 0.999999996 0.999999996 0.999999996 0.999999996 1 0.999999996 0.999999996 0.999999996 0.999999996 0.999999996 0.999999996 0.999999996 0.999999996 1 0.999999996 0.999999996 0.999999996 0.999999996 0.999999996 0.999999996 0.999999996 0.999999996 1 0.999999996 0.999999996 0.999999996 0.7562422815 0.0003626542 -9999 -9999 -9999 -9999 -9999 -9999 -9999 -9999 -9999 -9999 -9999 -9999 -9999 -9999 -9999 -9999 -9999 -9999 -9999 -9999 -9999 -9999 -9999 -9999
-9999 -9999 -9999 -9999 0.4264351827 0.999999996 1 0.999999996 0.999999996 0.999999996 0.999999996 0.999999996 0.999999996 0.999999996 0.999999996 1 0.999999996 0.999999996 0.999999996 0.999999996 0.999999996 0.999999996 0.999999996 0.999999996 1 0.999999996 0.999999996 0.999999996 0.999999996 0.999999996 0.999999996 0.999999996 0.999999996 1 0.999999996 0.999999996 0.999999996 0.8644984467 0.5544598642 0.3984413458 0.4408256072 -9999 -9999 -9999 -9999 -9999 -9999 -9999 -9999 -9999 -9999 -9999 -9999 -9999 -9999 -9999 -9999 -9999 -9999 -9999 -9999 -9999 -9999
-9999 -9999 -9999 -9999 0.2464969185 1 1.000000032 1 1 1 1 1 1 1 1 1.000000032 1 1 1 1 1 1 1 1 1.000000032 1 1 1 1 1 1 1 1 1.000000032 1 1 1 1 1 1 0.9622916793 0.6995216095 0.55012347 0.2783101864 0.0023148155 -9999 -9999 -9999 -9999 -9999 -9999 -9999 -9999 -9999 -9999 -9999 -9999 -9999 -9999 -9999 -9999 -9999 -9999
-9999 -9999 -9999 0.0975077183 0.788356483 0.999999996 1 0.999999996 0.999999996 0.999999996 0.999999996 0.999999996 0.999999996 0.999999996 0.999999996 1 0.999999996 0.999999996 0.999999996 0.999999996 0.999999996 0.999999996 0.999999996 0.999999996 1 0.999999996 0.999999996 0.999999996 0.999999996 0.999999996 0.999999996 0.999999996 0.999999996 1 0.999999996 0.999999996 0.999999996 0.999999996 0.999999996 0.999999996 0.999999996 0.999999996 1 0.9996527737 0.8414660478 0.300594135 -9999 -9999 -9999 -9999 -9999 -9999 -9999 -9999 -9999 -9999 -9999 -9999 -9999 -9999 -9999 -9999 -9999
-9999 -9999 0.1022762374 0.8743132712 0.999999996 0.999999996 1 0.999999996 0.999999996 0.999999996 0.999999996 0.999999996 0.999999996 0.999999996 0.999999996 1 0.999999996 0.999999996 0.999999996 0.999999996 0.999999996 0.999999996 0.999999996 0.999999996 1 0.999999996 0.999999996 0.999999996 0.999999996 0.999999996 0.999999996 0.999999996 0.999999996 1 0.999999996 0.999999996 0.999999996 0.999999996 0.999999996 0.999999996 0.999999996 0.999999996 1 0.999999996 0.999999996 0.9851311682 0.3696527738 -9999 -9999 -9999 -9999 -9999 -9999 -9999 -9999 -9999 -9999 -9999 -9999 -9999 -9999 -9999 -9999
-9999 -9999 0.3687268533 0.9430324042 0.999999996 0.999999996 1 0.999999996 0.999999996 0.999999996 0.999999996 0.999999996 0.999999996 0.999999996 0.999999996 1 0.999999996 0.999999996 0.999999996 0.999999996 0.999999996 0.999999996 0.999999996 0.999999996 1 0.999999996 0.999999996 0.999999996 0.999999996 0.999999996 0.999999996 0.999999996 0.999999996 1 0.999999996 0.999999996 0.999999996 0.999999996 0.999999996 0.999999996 0.999999996 0.999999996 1 0.999999996 0.999999996 0.999999996 0.8428780809 0.0264274673 -9999 -9999 -9999 -9999 -9999 0.0340972211 0.1852160527 0.5542746922 0.4322762292 -9999 -9999 -9999 -9999 -9999 -9999
-9999 -9999 -9999 0.3132175944 0.983865737 0.999999996 1 0.999999996 0.999999996 0.999999996 0.999999996 0.999999996 0.999999996 0.999999996 0.999999996 1 0.999999996 0.999999996 0.999999996 0.999999996 0.999999996 0.999999996 0.999999996 0.999999996 1 0.999999996 0.999999996 0.999999996 0.999999996 0.999999996 0.999999996 0.999999996 0.999999996 1 0.999999996 0.999999996 0.999999996 0.999999996 0.999999996 0.999999996 0.999999996 0.999999996 1 0.999999996 0.999999996 0.999999996 0.999999996 0.8658410432 0.5386265389 0.6062036994 0.7818981432 0.8502314933 0.8680401194 0.9981867255 0.999999996 0.999999996 0.9985725264 0.3717515383 -9999 -9999 -9999 -9999 -9999
-9999 -9999 -9999 -9999 0.4185493819 0.999999996 1 0.999999996 0.999999996 0.999999996 0.999999996 0.999999996 0.999999996 0.999999996 0.999999996 1 0.999999996 0.999999996 0.999999996 0.999999996 0.999999996 0.999999996 0.999999996 0.999999996 1 0.999999996 0.999999996 0.999999996 0.999999996 0.999999996 0.999999996 0.999999996 0.999999996 1 0.999999996 0.999999996 0.999999996 0.999999996 0.999999996 0.999999996 0.999999996 0.999999996 1 0.999999996 0.999999996 0.999999996 0.999999996 0.999999996 0.999999996 0.999999996 0.999999996 1 0.999999996 0.999999996 0.999999996 0.999999996 0.999999996 0.9458564772 0.8261882649 0.1379243832 -9999 -9999 -9999
-9999 -9999 -9999 0.0256404298 0.7611033864 0.999999996 1 0.999999996 0.999999996 0.999999996 0.999999996 0.999999996 0.999999996 0.999999996 0.999999996 1 0.999999996 0.999999996 0.999999996 0.999999996 0.999999996 0.999999996 0.999999996 0.999999996 1 0.999999996 0.999999996 0.999999996 0.999999996 0.999999996 0.999999996 0.999999996 0.999999996 1 0.999999996 0.999999996 0.999999996 0.999999996 0.999999996 0.999999996 0.999999996 0.999999996 1 0.999999996 0.999999996 0.999999996 0.999999996 0.999999996 0.999999996 0.999999996 0.999999996 1 0.999999996 0.999999996 0.999999996 0.999999996 0.999999996 0.999999996 0.999999996 0.6564814775 -9999 -9999 -9999
